10 10 1 4
Map file for the supercell in data.pos
0 0 0 0 1
0 1 0 0 2
0 2 0 0 3
0 3 0 0 4
0 4 0 0 5
0 5 0 0 6
0 6 0 0 7
0 7 0 0 8
0 8 0 0 9
0 9 0 0 10
1 0 0 0 11
1 1 0 0 12
1 2 0 0 13
1 3 0 0 14
1 4 0 0 15
1 5 0 0 16
1 6 0 0 17
1 7 0 0 18
1 8 0 0 19
1 9 0 0 20
2 0 0 0 21
2 1 0 0 22
2 2 0 0 23
2 3 0 0 24
2 4 0 0 25
2 5 0 0 26
2 6 0 0 27
2 7 0 0 28
2 8 0 0 29
2 9 0 0 30
3 0 0 0 31
3 1 0 0 32
3 2 0 0 33
3 3 0 0 34
3 4 0 0 35
3 5 0 0 36
3 6 0 0 37
3 7 0 0 38
3 8 0 0 39
3 9 0 0 40
4 0 0 0 41
4 1 0 0 42
4 2 0 0 43
4 3 0 0 44
4 4 0 0 45
4 5 0 0 46
4 6 0 0 47
4 7 0 0 48
4 8 0 0 49
4 9 0 0 50
5 0 0 0 51
5 1 0 0 52
5 2 0 0 53
5 3 0 0 54
5 4 0 0 55
5 5 0 0 56
5 6 0 0 57
5 7 0 0 58
5 8 0 0 59
5 9 0 0 60
6 0 0 0 61
6 1 0 0 62
6 2 0 0 63
6 3 0 0 64
6 4 0 0 65
6 5 0 0 66
6 6 0 0 67
6 7 0 0 68
6 8 0 0 69
6 9 0 0 70
7 0 0 0 71
7 1 0 0 72
7 2 0 0 73
7 3 0 0 74
7 4 0 0 75
7 5 0 0 76
7 6 0 0 77
7 7 0 0 78
7 8 0 0 79
7 9 0 0 80
8 0 0 0 81
8 1 0 0 82
8 2 0 0 83
8 3 0 0 84
8 4 0 0 85
8 5 0 0 86
8 6 0 0 87
8 7 0 0 88
8 8 0 0 89
8 9 0 0 90
9 0 0 0 91
9 1 0 0 92
9 2 0 0 93
9 3 0 0 94
9 4 0 0 95
9 5 0 0 96
9 6 0 0 97
9 7 0 0 98
9 8 0 0 99
9 9 0 0 100
0 1 0 1 101
0 2 0 1 102
0 3 0 1 103
0 4 0 1 104
0 5 0 1 105
0 6 0 1 106
0 7 0 1 107
0 8 0 1 108
0 9 0 1 109
0 0 0 1 110
1 1 0 1 111
1 2 0 1 112
1 3 0 1 113
1 4 0 1 114
1 5 0 1 115
1 6 0 1 116
1 7 0 1 117
1 8 0 1 118
1 9 0 1 119
1 0 0 1 120
2 1 0 1 121
2 2 0 1 122
2 3 0 1 123
2 4 0 1 124
2 5 0 1 125
2 6 0 1 126
2 7 0 1 127
2 8 0 1 128
2 9 0 1 129
2 0 0 1 130
3 1 0 1 131
3 2 0 1 132
3 3 0 1 133
3 4 0 1 134
3 5 0 1 135
3 6 0 1 136
3 7 0 1 137
3 8 0 1 138
3 9 0 1 139
3 0 0 1 140
4 1 0 1 141
4 2 0 1 142
4 3 0 1 143
4 4 0 1 144
4 5 0 1 145
4 6 0 1 146
4 7 0 1 147
4 8 0 1 148
4 9 0 1 149
4 0 0 1 150
5 1 0 1 151
5 2 0 1 152
5 3 0 1 153
5 4 0 1 154
5 5 0 1 155
5 6 0 1 156
5 7 0 1 157
5 8 0 1 158
5 9 0 1 159
5 0 0 1 160
6 1 0 1 161
6 2 0 1 162
6 3 0 1 163
6 4 0 1 164
6 5 0 1 165
6 6 0 1 166
6 7 0 1 167
6 8 0 1 168
6 9 0 1 169
6 0 0 1 170
7 1 0 1 171
7 2 0 1 172
7 3 0 1 173
7 4 0 1 174
7 5 0 1 175
7 6 0 1 176
7 7 0 1 177
7 8 0 1 178
7 9 0 1 179
7 0 0 1 180
8 1 0 1 181
8 2 0 1 182
8 3 0 1 183
8 4 0 1 184
8 5 0 1 185
8 6 0 1 186
8 7 0 1 187
8 8 0 1 188
8 9 0 1 189
8 0 0 1 190
9 1 0 1 191
9 2 0 1 192
9 3 0 1 193
9 4 0 1 194
9 5 0 1 195
9 6 0 1 196
9 7 0 1 197
9 8 0 1 198
9 9 0 1 199
9 0 0 1 200
0 0 0 2 201
0 1 0 2 202
0 2 0 2 203
0 3 0 2 204
0 4 0 2 205
0 5 0 2 206
0 6 0 2 207
0 7 0 2 208
0 8 0 2 209
0 9 0 2 210
1 0 0 2 211
1 1 0 2 212
1 2 0 2 213
1 3 0 2 214
1 4 0 2 215
1 5 0 2 216
1 6 0 2 217
1 7 0 2 218
1 8 0 2 219
1 9 0 2 220
2 0 0 2 221
2 1 0 2 222
2 2 0 2 223
2 3 0 2 224
2 4 0 2 225
2 5 0 2 226
2 6 0 2 227
2 7 0 2 228
2 8 0 2 229
2 9 0 2 230
3 0 0 2 231
3 1 0 2 232
3 2 0 2 233
3 3 0 2 234
3 4 0 2 235
3 5 0 2 236
3 6 0 2 237
3 7 0 2 238
3 8 0 2 239
3 9 0 2 240
4 0 0 2 241
4 1 0 2 242
4 2 0 2 243
4 3 0 2 244
4 4 0 2 245
4 5 0 2 246
4 6 0 2 247
4 7 0 2 248
4 8 0 2 249
4 9 0 2 250
5 0 0 2 251
5 1 0 2 252
5 2 0 2 253
5 3 0 2 254
5 4 0 2 255
5 5 0 2 256
5 6 0 2 257
5 7 0 2 258
5 8 0 2 259
5 9 0 2 260
6 0 0 2 261
6 1 0 2 262
6 2 0 2 263
6 3 0 2 264
6 4 0 2 265
6 5 0 2 266
6 6 0 2 267
6 7 0 2 268
6 8 0 2 269
6 9 0 2 270
7 0 0 2 271
7 1 0 2 272
7 2 0 2 273
7 3 0 2 274
7 4 0 2 275
7 5 0 2 276
7 6 0 2 277
7 7 0 2 278
7 8 0 2 279
7 9 0 2 280
8 0 0 2 281
8 1 0 2 282
8 2 0 2 283
8 3 0 2 284
8 4 0 2 285
8 5 0 2 286
8 6 0 2 287
8 7 0 2 288
8 8 0 2 289
8 9 0 2 290
9 0 0 2 291
9 1 0 2 292
9 2 0 2 293
9 3 0 2 294
9 4 0 2 295
9 5 0 2 296
9 6 0 2 297
9 7 0 2 298
9 8 0 2 299
9 9 0 2 300
0 1 0 3 301
0 2 0 3 302
0 3 0 3 303
0 4 0 3 304
0 5 0 3 305
0 6 0 3 306
0 7 0 3 307
0 8 0 3 308
0 9 0 3 309
0 0 0 3 310
1 1 0 3 311
1 2 0 3 312
1 3 0 3 313
1 4 0 3 314
1 5 0 3 315
1 6 0 3 316
1 7 0 3 317
1 8 0 3 318
1 9 0 3 319
1 0 0 3 320
2 1 0 3 321
2 2 0 3 322
2 3 0 3 323
2 4 0 3 324
2 5 0 3 325
2 6 0 3 326
2 7 0 3 327
2 8 0 3 328
2 9 0 3 329
2 0 0 3 330
3 1 0 3 331
3 2 0 3 332
3 3 0 3 333
3 4 0 3 334
3 5 0 3 335
3 6 0 3 336
3 7 0 3 337
3 8 0 3 338
3 9 0 3 339
3 0 0 3 340
4 1 0 3 341
4 2 0 3 342
4 3 0 3 343
4 4 0 3 344
4 5 0 3 345
4 6 0 3 346
4 7 0 3 347
4 8 0 3 348
4 9 0 3 349
4 0 0 3 350
5 1 0 3 351
5 2 0 3 352
5 3 0 3 353
5 4 0 3 354
5 5 0 3 355
5 6 0 3 356
5 7 0 3 357
5 8 0 3 358
5 9 0 3 359
5 0 0 3 360
6 1 0 3 361
6 2 0 3 362
6 3 0 3 363
6 4 0 3 364
6 5 0 3 365
6 6 0 3 366
6 7 0 3 367
6 8 0 3 368
6 9 0 3 369
6 0 0 3 370
7 1 0 3 371
7 2 0 3 372
7 3 0 3 373
7 4 0 3 374
7 5 0 3 375
7 6 0 3 376
7 7 0 3 377
7 8 0 3 378
7 9 0 3 379
7 0 0 3 380
8 1 0 3 381
8 2 0 3 382
8 3 0 3 383
8 4 0 3 384
8 5 0 3 385
8 6 0 3 386
8 7 0 3 387
8 8 0 3 388
8 9 0 3 389
8 0 0 3 390
9 1 0 3 391
9 2 0 3 392
9 3 0 3 393
9 4 0 3 394
9 5 0 3 395
9 6 0 3 396
9 7 0 3 397
9 8 0 3 398
9 9 0 3 399
9 0 0 3 400